{
 "cells": [
  {
   "cell_type": "code",
   "execution_count": 1,
   "metadata": {},
   "outputs": [],
   "source": [
    "import random\n",
    "import pandas as pd\n",
    "import numpy as np"
   ]
  },
  {
   "cell_type": "code",
   "execution_count": 2,
   "metadata": {},
   "outputs": [
    {
     "data": {
      "text/html": [
       "<div>\n",
       "<style scoped>\n",
       "    .dataframe tbody tr th:only-of-type {\n",
       "        vertical-align: middle;\n",
       "    }\n",
       "\n",
       "    .dataframe tbody tr th {\n",
       "        vertical-align: top;\n",
       "    }\n",
       "\n",
       "    .dataframe thead th {\n",
       "        text-align: right;\n",
       "    }\n",
       "</style>\n",
       "<table border=\"1\" class=\"dataframe\">\n",
       "  <thead>\n",
       "    <tr style=\"text-align: right;\">\n",
       "      <th></th>\n",
       "      <th>CLIENTES</th>\n",
       "      <th>Cliente_1</th>\n",
       "      <th>Cliente_2</th>\n",
       "      <th>Cliente_3</th>\n",
       "      <th>Cliente_4</th>\n",
       "      <th>Cliente_5</th>\n",
       "      <th>Cliente_6</th>\n",
       "      <th>Cliente_7</th>\n",
       "      <th>Cliente_8</th>\n",
       "      <th>Cliente_9</th>\n",
       "      <th>...</th>\n",
       "      <th>Cliente_12</th>\n",
       "      <th>Cliente_13</th>\n",
       "      <th>Cliente_14</th>\n",
       "      <th>Cliente_15</th>\n",
       "      <th>Cliente_16</th>\n",
       "      <th>Cliente_17</th>\n",
       "      <th>Cliente_18</th>\n",
       "      <th>Cliente_19</th>\n",
       "      <th>Cliente_20</th>\n",
       "      <th>Almacén</th>\n",
       "    </tr>\n",
       "  </thead>\n",
       "  <tbody>\n",
       "    <tr>\n",
       "      <th>0</th>\n",
       "      <td>Cliente_1</td>\n",
       "      <td>0.0000</td>\n",
       "      <td>7.5625</td>\n",
       "      <td>15.5365</td>\n",
       "      <td>1.1998</td>\n",
       "      <td>4.7145</td>\n",
       "      <td>1.7407</td>\n",
       "      <td>7.9408</td>\n",
       "      <td>17.1947</td>\n",
       "      <td>4.2933</td>\n",
       "      <td>...</td>\n",
       "      <td>6.0225</td>\n",
       "      <td>5.4470</td>\n",
       "      <td>2.2133</td>\n",
       "      <td>11.1505</td>\n",
       "      <td>1.5775</td>\n",
       "      <td>10.8288</td>\n",
       "      <td>9.1456</td>\n",
       "      <td>20.4871</td>\n",
       "      <td>22.1445</td>\n",
       "      <td>3.6114</td>\n",
       "    </tr>\n",
       "    <tr>\n",
       "      <th>1</th>\n",
       "      <td>Cliente_2</td>\n",
       "      <td>7.5625</td>\n",
       "      <td>0.0000</td>\n",
       "      <td>3.3838</td>\n",
       "      <td>7.7433</td>\n",
       "      <td>14.5720</td>\n",
       "      <td>8.5237</td>\n",
       "      <td>0.4847</td>\n",
       "      <td>13.7974</td>\n",
       "      <td>10.1522</td>\n",
       "      <td>...</td>\n",
       "      <td>10.1049</td>\n",
       "      <td>2.6961</td>\n",
       "      <td>13.4907</td>\n",
       "      <td>18.0835</td>\n",
       "      <td>7.0275</td>\n",
       "      <td>19.8218</td>\n",
       "      <td>8.2737</td>\n",
       "      <td>9.6369</td>\n",
       "      <td>19.1038</td>\n",
       "      <td>10.7361</td>\n",
       "    </tr>\n",
       "    <tr>\n",
       "      <th>2</th>\n",
       "      <td>Cliente_3</td>\n",
       "      <td>15.5365</td>\n",
       "      <td>3.3838</td>\n",
       "      <td>0.0000</td>\n",
       "      <td>12.5438</td>\n",
       "      <td>0.0000</td>\n",
       "      <td>0.0000</td>\n",
       "      <td>0.0000</td>\n",
       "      <td>16.0355</td>\n",
       "      <td>13.9120</td>\n",
       "      <td>...</td>\n",
       "      <td>12.3430</td>\n",
       "      <td>5.0114</td>\n",
       "      <td>15.7289</td>\n",
       "      <td>17.9217</td>\n",
       "      <td>9.6824</td>\n",
       "      <td>22.0599</td>\n",
       "      <td>10.5118</td>\n",
       "      <td>7.7574</td>\n",
       "      <td>16.5997</td>\n",
       "      <td>13.9021</td>\n",
       "    </tr>\n",
       "    <tr>\n",
       "      <th>3</th>\n",
       "      <td>Cliente_4</td>\n",
       "      <td>1.1998</td>\n",
       "      <td>7.7433</td>\n",
       "      <td>12.5438</td>\n",
       "      <td>0.0000</td>\n",
       "      <td>5.0721</td>\n",
       "      <td>0.9119</td>\n",
       "      <td>7.5798</td>\n",
       "      <td>17.4095</td>\n",
       "      <td>3.5781</td>\n",
       "      <td>...</td>\n",
       "      <td>6.2330</td>\n",
       "      <td>4.7117</td>\n",
       "      <td>2.8799</td>\n",
       "      <td>11.3610</td>\n",
       "      <td>1.3127</td>\n",
       "      <td>11.1926</td>\n",
       "      <td>9.3561</td>\n",
       "      <td>20.7019</td>\n",
       "      <td>21.1518</td>\n",
       "      <td>3.3673</td>\n",
       "    </tr>\n",
       "    <tr>\n",
       "      <th>4</th>\n",
       "      <td>Cliente_5</td>\n",
       "      <td>4.7145</td>\n",
       "      <td>14.5720</td>\n",
       "      <td>0.0000</td>\n",
       "      <td>5.0721</td>\n",
       "      <td>0.0000</td>\n",
       "      <td>4.8187</td>\n",
       "      <td>0.0000</td>\n",
       "      <td>0.0000</td>\n",
       "      <td>0.0000</td>\n",
       "      <td>...</td>\n",
       "      <td>6.8738</td>\n",
       "      <td>9.1064</td>\n",
       "      <td>3.6476</td>\n",
       "      <td>12.0019</td>\n",
       "      <td>5.4347</td>\n",
       "      <td>5.2872</td>\n",
       "      <td>9.9969</td>\n",
       "      <td>21.3384</td>\n",
       "      <td>25.5947</td>\n",
       "      <td>4.5417</td>\n",
       "    </tr>\n",
       "  </tbody>\n",
       "</table>\n",
       "<p>5 rows × 22 columns</p>\n",
       "</div>"
      ],
      "text/plain": [
       "    CLIENTES  Cliente_1  Cliente_2  Cliente_3  Cliente_4  Cliente_5  \\\n",
       "0  Cliente_1     0.0000     7.5625    15.5365     1.1998     4.7145   \n",
       "1  Cliente_2     7.5625     0.0000     3.3838     7.7433    14.5720   \n",
       "2  Cliente_3    15.5365     3.3838     0.0000    12.5438     0.0000   \n",
       "3  Cliente_4     1.1998     7.7433    12.5438     0.0000     5.0721   \n",
       "4  Cliente_5     4.7145    14.5720     0.0000     5.0721     0.0000   \n",
       "\n",
       "   Cliente_6  Cliente_7  Cliente_8  Cliente_9  ...  Cliente_12  Cliente_13  \\\n",
       "0     1.7407     7.9408    17.1947     4.2933  ...      6.0225      5.4470   \n",
       "1     8.5237     0.4847    13.7974    10.1522  ...     10.1049      2.6961   \n",
       "2     0.0000     0.0000    16.0355    13.9120  ...     12.3430      5.0114   \n",
       "3     0.9119     7.5798    17.4095     3.5781  ...      6.2330      4.7117   \n",
       "4     4.8187     0.0000     0.0000     0.0000  ...      6.8738      9.1064   \n",
       "\n",
       "   Cliente_14  Cliente_15  Cliente_16  Cliente_17  Cliente_18  Cliente_19  \\\n",
       "0      2.2133     11.1505      1.5775     10.8288      9.1456     20.4871   \n",
       "1     13.4907     18.0835      7.0275     19.8218      8.2737      9.6369   \n",
       "2     15.7289     17.9217      9.6824     22.0599     10.5118      7.7574   \n",
       "3      2.8799     11.3610      1.3127     11.1926      9.3561     20.7019   \n",
       "4      3.6476     12.0019      5.4347      5.2872      9.9969     21.3384   \n",
       "\n",
       "   Cliente_20  Almacén  \n",
       "0     22.1445   3.6114  \n",
       "1     19.1038  10.7361  \n",
       "2     16.5997  13.9021  \n",
       "3     21.1518   3.3673  \n",
       "4     25.5947   4.5417  \n",
       "\n",
       "[5 rows x 22 columns]"
      ]
     },
     "execution_count": 2,
     "metadata": {},
     "output_type": "execute_result"
    }
   ],
   "source": [
    "df_distance_km = \"../dataset/df_distance_km.xlsx\"\n",
    "df = pd.read_excel(df_distance_km)\n",
    "df.head()"
   ]
  },
  {
   "cell_type": "code",
   "execution_count": 3,
   "metadata": {},
   "outputs": [
    {
     "data": {
      "text/plain": [
       "0      Cliente_1\n",
       "1      Cliente_2\n",
       "2      Cliente_3\n",
       "3      Cliente_4\n",
       "4      Cliente_5\n",
       "5      Cliente_6\n",
       "6      Cliente_7\n",
       "7      Cliente_8\n",
       "8      Cliente_9\n",
       "9     Cliente_10\n",
       "10    Cliente_11\n",
       "11    Cliente_12\n",
       "12    Cliente_13\n",
       "13    Cliente_14\n",
       "14    Cliente_15\n",
       "15    Cliente_16\n",
       "16    Cliente_17\n",
       "17    Cliente_18\n",
       "18    Cliente_19\n",
       "19    Cliente_20\n",
       "20       Almacén\n",
       "Name: CLIENTES, dtype: object"
      ]
     },
     "execution_count": 3,
     "metadata": {},
     "output_type": "execute_result"
    }
   ],
   "source": [
    "df_clientes = df[\"CLIENTES\"]\n",
    "df_clientes"
   ]
  },
  {
   "cell_type": "code",
   "execution_count": 4,
   "metadata": {},
   "outputs": [
    {
     "data": {
      "text/plain": [
       "array([[ 0.    ,  7.5625, 15.5365,  1.1998,  4.7145,  1.7407,  7.9408,\n",
       "        17.1947,  4.2933,  3.2659,  2.1866,  6.0225,  5.447 ,  2.2133,\n",
       "        11.1505,  1.5775, 10.8288,  9.1456, 20.4871, 22.1445,  3.6114],\n",
       "       [ 7.5625,  0.    ,  3.3838,  7.7433, 14.572 ,  8.5237,  0.4847,\n",
       "        13.7974, 10.1522,  7.1521, 14.8113, 10.1049,  2.6961, 13.4907,\n",
       "        18.0835,  7.0275, 19.8218,  8.2737,  9.6369, 19.1038, 10.7361],\n",
       "       [15.5365,  3.3838,  0.    , 12.5438,  0.    ,  0.    ,  0.    ,\n",
       "        16.0355, 13.912 , 13.0649, 17.0494, 12.343 ,  5.0114, 15.7289,\n",
       "        17.9217,  9.6824, 22.0599, 10.5118,  7.7574, 16.5997, 13.9021],\n",
       "       [ 1.1998,  7.7433, 12.5438,  0.    ,  5.0721,  0.9119,  7.5798,\n",
       "        17.4095,  3.5781,  3.3451,  2.8532,  6.233 ,  4.7117,  2.8799,\n",
       "        11.361 ,  1.3127, 11.1926,  9.3561, 20.7019, 21.1518,  3.3673],\n",
       "       [ 4.7145, 14.572 ,  0.    ,  5.0721,  0.    ,  4.8187,  0.    ,\n",
       "         0.    ,  0.    ,  7.217 ,  2.6253,  6.8738,  9.1064,  3.6476,\n",
       "        12.0019,  5.4347,  5.2872,  9.9969, 21.3384, 25.5947,  4.5417],\n",
       "       [ 1.7407,  8.5237,  0.    ,  0.9119,  4.8187,  0.    ,  7.8866,\n",
       "        20.0472,  2.906 ,  4.0899,  2.889 ,  8.875 ,  5.0185,  3.2185,\n",
       "        14.003 ,  2.0575, 11.4008, 11.9981, 19.7467, 20.4797,  2.6952],\n",
       "       [ 7.9408,  0.4847,  0.    ,  7.5798,  0.    ,  7.8866,  0.    ,\n",
       "        13.9893, 10.1499,  7.344 , 15.0032, 10.2968,  0.    ,  0.    ,\n",
       "         0.    ,  7.2194, 20.0138,  8.4656,  9.8289, 17.1722, 10.928 ],\n",
       "       [17.1947, 13.7974, 16.0355, 17.4095,  0.    , 20.0472, 13.9893,\n",
       "         0.    , 19.6963, 12.9161, 16.1829, 12.3127, 13.5906, 14.8623,\n",
       "         5.9742, 14.6038, 22.6587,  8.9984, 15.5515, 34.1368, 20.8703],\n",
       "       [ 4.2933, 10.1522, 13.912 ,  3.5781,  0.    ,  2.906 , 10.1499,\n",
       "        19.6963,  0.    ,  6.8679,  3.5313, 10.1024,  7.7229,  4.5536,\n",
       "        15.2304,  4.8355,  9.7565, 13.2255, 24.567 , 22.9781,  1.0494],\n",
       "       [ 3.2659,  7.1521, 13.0649,  3.3451,  7.217 ,  4.0899,  7.344 ,\n",
       "        12.9161,  6.8679,  0.    ,  4.7283,  2.3061,  4.9896,  0.    ,\n",
       "         8.2196,  0.    , 10.8948,  5.305 , 17.5604, 21.1407,  5.9516],\n",
       "       [ 2.1866, 14.8113, 17.0494,  2.8532,  2.6253,  2.889 , 15.0032,\n",
       "        16.1829,  3.5313,  4.7283,  0.    ,  6.5845,  8.2105,  1.6099,\n",
       "        11.7126,  3.397 ,  7.7031,  9.7077, 21.0492, 22.484 ,  2.912 ],\n",
       "       [ 6.0225, 10.1049, 12.343 ,  6.233 ,  6.8738,  8.875 , 10.2968,\n",
       "        12.3127, 10.1024,  2.3061,  6.5845,  0.    ,  6.4451,  5.9051,\n",
       "         5.6418,  4.2199, 12.2362,  5.1248, 16.4706, 22.5962, 10.2374],\n",
       "       [ 5.447 ,  2.6961,  5.0114,  4.7117,  9.1064,  5.0185,  0.    ,\n",
       "        13.5906,  7.7229,  4.9896,  8.2105,  6.4451,  0.    , 10.0708,\n",
       "        10.0675,  4.2809, 15.2069,  6.2869, 12.4538, 17.7187,  7.9895],\n",
       "       [ 2.2133, 13.4907, 15.7289,  2.8799,  3.6476,  3.2185,  0.    ,\n",
       "        14.8623,  4.5536,  0.    ,  1.6099,  5.9051, 10.0708,  0.    ,\n",
       "         0.    ,  0.    ,  0.    ,  8.6033, 19.9448, 23.8969,  4.0306],\n",
       "       [11.1505, 18.0835, 17.9217, 11.361 , 12.0019, 14.003 ,  0.    ,\n",
       "         5.9742, 15.2304,  8.2196, 11.7126,  5.6418, 10.0675,  0.    ,\n",
       "         0.    , 10.6147, 21.7754,  5.1865, 18.4207, 37.006 , 15.6084],\n",
       "       [ 1.5775,  7.0275,  9.6824,  1.3127,  5.4347,  2.0575,  7.2194,\n",
       "        14.6038,  4.8355,  0.    ,  3.397 ,  4.2199,  4.2809,  0.    ,\n",
       "        10.6147,  0.    , 11.3728,  8.9277, 20.2735, 21.0351,  4.1554],\n",
       "       [10.8288, 19.8218, 22.0599, 11.1926,  5.2872, 11.4008, 20.0138,\n",
       "        22.6587,  9.7565, 10.8948,  7.7031, 12.2362, 15.2069,  0.    ,\n",
       "        21.7754, 11.3728,  0.    , 14.8006, 26.1421, 30.6412,  8.5221],\n",
       "       [ 9.1456,  8.2737, 10.5118,  9.3561,  9.9969, 11.9981,  8.4656,\n",
       "         8.9984, 13.2255,  5.305 ,  9.7077,  5.1248,  6.2869,  8.6033,\n",
       "         5.1865,  8.9277, 14.8006,  0.    , 14.7105, 24.3734, 13.2923],\n",
       "       [20.4871,  9.6369,  7.7574, 20.7019, 21.3384, 19.7467,  9.8289,\n",
       "        15.5515, 24.567 , 17.5604, 21.0492, 16.4706, 12.4538, 19.9448,\n",
       "        18.4207, 20.2735, 26.1421, 14.7105,  0.    , 24.1215, 22.0368],\n",
       "       [22.1445, 19.1038, 16.5997, 21.1518, 25.5947, 20.4797, 17.1722,\n",
       "        34.1368, 22.9781, 21.1407, 22.484 , 22.5962, 17.7187, 23.8969,\n",
       "        37.006 , 21.0351, 30.6412, 24.3734, 24.1215,  0.    , 14.8282],\n",
       "       [ 3.6114, 10.7361, 13.9021,  3.3673,  4.5417,  2.6952, 10.928 ,\n",
       "        20.8703,  1.0494,  5.9516,  2.912 , 10.2374,  7.9895,  4.0306,\n",
       "        15.6084,  4.1554,  8.5221, 13.2923, 22.0368, 14.8282,  0.    ]])"
      ]
     },
     "execution_count": 4,
     "metadata": {},
     "output_type": "execute_result"
    }
   ],
   "source": [
    "df = df.drop(columns=[\"CLIENTES\"])\n",
    "distance_km_array = df.to_numpy()\n",
    "distance_km_array"
   ]
  },
  {
   "cell_type": "code",
   "execution_count": 5,
   "metadata": {},
   "outputs": [
    {
     "data": {
      "text/html": [
       "<div>\n",
       "<style scoped>\n",
       "    .dataframe tbody tr th:only-of-type {\n",
       "        vertical-align: middle;\n",
       "    }\n",
       "\n",
       "    .dataframe tbody tr th {\n",
       "        vertical-align: top;\n",
       "    }\n",
       "\n",
       "    .dataframe thead th {\n",
       "        text-align: right;\n",
       "    }\n",
       "</style>\n",
       "<table border=\"1\" class=\"dataframe\">\n",
       "  <thead>\n",
       "    <tr style=\"text-align: right;\">\n",
       "      <th></th>\n",
       "      <th>vehiculo_id</th>\n",
       "      <th>capacidad_kg</th>\n",
       "      <th>costo_km</th>\n",
       "      <th>autonomia_km</th>\n",
       "    </tr>\n",
       "  </thead>\n",
       "  <tbody>\n",
       "    <tr>\n",
       "      <th>0</th>\n",
       "      <td>1</td>\n",
       "      <td>2026</td>\n",
       "      <td>0.20</td>\n",
       "      <td>603</td>\n",
       "    </tr>\n",
       "    <tr>\n",
       "      <th>1</th>\n",
       "      <td>2</td>\n",
       "      <td>4362</td>\n",
       "      <td>0.14</td>\n",
       "      <td>630</td>\n",
       "    </tr>\n",
       "    <tr>\n",
       "      <th>2</th>\n",
       "      <td>3</td>\n",
       "      <td>4881</td>\n",
       "      <td>0.20</td>\n",
       "      <td>664</td>\n",
       "    </tr>\n",
       "    <tr>\n",
       "      <th>3</th>\n",
       "      <td>4</td>\n",
       "      <td>3321</td>\n",
       "      <td>0.19</td>\n",
       "      <td>514</td>\n",
       "    </tr>\n",
       "    <tr>\n",
       "      <th>4</th>\n",
       "      <td>5</td>\n",
       "      <td>10000</td>\n",
       "      <td>0.32</td>\n",
       "      <td>350</td>\n",
       "    </tr>\n",
       "  </tbody>\n",
       "</table>\n",
       "</div>"
      ],
      "text/plain": [
       "   vehiculo_id  capacidad_kg  costo_km  autonomia_km\n",
       "0            1          2026      0.20           603\n",
       "1            2          4362      0.14           630\n",
       "2            3          4881      0.20           664\n",
       "3            4          3321      0.19           514\n",
       "4            5         10000      0.32           350"
      ]
     },
     "execution_count": 5,
     "metadata": {},
     "output_type": "execute_result"
    }
   ],
   "source": [
    "# Cargar datos de vehículos\n",
    "df_vehicle = pd.read_excel('../dataset/df_vehicle.xlsx')\n",
    "df_vehicle.head()"
   ]
  },
  {
   "cell_type": "code",
   "execution_count": 6,
   "metadata": {},
   "outputs": [
    {
     "data": {
      "text/plain": [
       "[{'vehiculo_id': 1,\n",
       "  'capacidad_kg': 2026,\n",
       "  'costo_km': 0.2,\n",
       "  'autonomia_km': 603},\n",
       " {'vehiculo_id': 2,\n",
       "  'capacidad_kg': 4362,\n",
       "  'costo_km': 0.14,\n",
       "  'autonomia_km': 630},\n",
       " {'vehiculo_id': 3,\n",
       "  'capacidad_kg': 4881,\n",
       "  'costo_km': 0.2,\n",
       "  'autonomia_km': 664},\n",
       " {'vehiculo_id': 4,\n",
       "  'capacidad_kg': 3321,\n",
       "  'costo_km': 0.19,\n",
       "  'autonomia_km': 514},\n",
       " {'vehiculo_id': 5,\n",
       "  'capacidad_kg': 10000,\n",
       "  'costo_km': 0.32,\n",
       "  'autonomia_km': 350},\n",
       " {'vehiculo_id': 6,\n",
       "  'capacidad_kg': 3129,\n",
       "  'costo_km': 0.14,\n",
       "  'autonomia_km': 791}]"
      ]
     },
     "execution_count": 6,
     "metadata": {},
     "output_type": "execute_result"
    }
   ],
   "source": [
    "# Crear lista de diccionarios con información de cada vehículo\n",
    "vehiculos = df_vehicle.to_dict('records')  # Convierte cada fila en un diccionario\n",
    "vehiculos"
   ]
  },
  {
   "cell_type": "code",
   "execution_count": 7,
   "metadata": {},
   "outputs": [
    {
     "data": {
      "text/html": [
       "<div>\n",
       "<style scoped>\n",
       "    .dataframe tbody tr th:only-of-type {\n",
       "        vertical-align: middle;\n",
       "    }\n",
       "\n",
       "    .dataframe tbody tr th {\n",
       "        vertical-align: top;\n",
       "    }\n",
       "\n",
       "    .dataframe thead th {\n",
       "        text-align: right;\n",
       "    }\n",
       "</style>\n",
       "<table border=\"1\" class=\"dataframe\">\n",
       "  <thead>\n",
       "    <tr style=\"text-align: right;\">\n",
       "      <th></th>\n",
       "      <th>cliente</th>\n",
       "      <th>mes_anio</th>\n",
       "      <th>order_demand</th>\n",
       "    </tr>\n",
       "  </thead>\n",
       "  <tbody>\n",
       "    <tr>\n",
       "      <th>0</th>\n",
       "      <td>Cliente_1</td>\n",
       "      <td>12-2024</td>\n",
       "      <td>909</td>\n",
       "    </tr>\n",
       "    <tr>\n",
       "      <th>1</th>\n",
       "      <td>Cliente_2</td>\n",
       "      <td>12-2024</td>\n",
       "      <td>959</td>\n",
       "    </tr>\n",
       "    <tr>\n",
       "      <th>2</th>\n",
       "      <td>Cliente_3</td>\n",
       "      <td>12-2024</td>\n",
       "      <td>960</td>\n",
       "    </tr>\n",
       "    <tr>\n",
       "      <th>3</th>\n",
       "      <td>Cliente_4</td>\n",
       "      <td>12-2024</td>\n",
       "      <td>980</td>\n",
       "    </tr>\n",
       "    <tr>\n",
       "      <th>4</th>\n",
       "      <td>Cliente_5</td>\n",
       "      <td>12-2024</td>\n",
       "      <td>979</td>\n",
       "    </tr>\n",
       "  </tbody>\n",
       "</table>\n",
       "</div>"
      ],
      "text/plain": [
       "     cliente mes_anio  order_demand\n",
       "0  Cliente_1  12-2024           909\n",
       "1  Cliente_2  12-2024           959\n",
       "2  Cliente_3  12-2024           960\n",
       "3  Cliente_4  12-2024           980\n",
       "4  Cliente_5  12-2024           979"
      ]
     },
     "execution_count": 7,
     "metadata": {},
     "output_type": "execute_result"
    }
   ],
   "source": [
    "# Cargar datos de órdenes\n",
    "df_orders = pd.read_excel('../dataset/df_orders.xlsx')\n",
    "df_orders.head()"
   ]
  },
  {
   "cell_type": "code",
   "execution_count": 8,
   "metadata": {},
   "outputs": [
    {
     "name": "stderr",
     "output_type": "stream",
     "text": [
      "<>:2: SyntaxWarning: invalid escape sequence '\\d'\n",
      "<>:2: SyntaxWarning: invalid escape sequence '\\d'\n",
      "C:\\Users\\Mirosh\\AppData\\Local\\Temp\\ipykernel_24240\\879234562.py:2: SyntaxWarning: invalid escape sequence '\\d'\n",
      "  df_orders['cliente_num'] = df_orders['cliente'].str.extract('(\\d+)').astype(int)\n"
     ]
    },
    {
     "data": {
      "text/html": [
       "<div>\n",
       "<style scoped>\n",
       "    .dataframe tbody tr th:only-of-type {\n",
       "        vertical-align: middle;\n",
       "    }\n",
       "\n",
       "    .dataframe tbody tr th {\n",
       "        vertical-align: top;\n",
       "    }\n",
       "\n",
       "    .dataframe thead th {\n",
       "        text-align: right;\n",
       "    }\n",
       "</style>\n",
       "<table border=\"1\" class=\"dataframe\">\n",
       "  <thead>\n",
       "    <tr style=\"text-align: right;\">\n",
       "      <th></th>\n",
       "      <th>cliente</th>\n",
       "      <th>mes_anio</th>\n",
       "      <th>order_demand</th>\n",
       "      <th>cliente_num</th>\n",
       "    </tr>\n",
       "  </thead>\n",
       "  <tbody>\n",
       "    <tr>\n",
       "      <th>0</th>\n",
       "      <td>Cliente_1</td>\n",
       "      <td>12-2024</td>\n",
       "      <td>909</td>\n",
       "      <td>1</td>\n",
       "    </tr>\n",
       "    <tr>\n",
       "      <th>1</th>\n",
       "      <td>Cliente_2</td>\n",
       "      <td>12-2024</td>\n",
       "      <td>959</td>\n",
       "      <td>2</td>\n",
       "    </tr>\n",
       "    <tr>\n",
       "      <th>2</th>\n",
       "      <td>Cliente_3</td>\n",
       "      <td>12-2024</td>\n",
       "      <td>960</td>\n",
       "      <td>3</td>\n",
       "    </tr>\n",
       "    <tr>\n",
       "      <th>3</th>\n",
       "      <td>Cliente_4</td>\n",
       "      <td>12-2024</td>\n",
       "      <td>980</td>\n",
       "      <td>4</td>\n",
       "    </tr>\n",
       "    <tr>\n",
       "      <th>4</th>\n",
       "      <td>Cliente_5</td>\n",
       "      <td>12-2024</td>\n",
       "      <td>979</td>\n",
       "      <td>5</td>\n",
       "    </tr>\n",
       "    <tr>\n",
       "      <th>5</th>\n",
       "      <td>Cliente_6</td>\n",
       "      <td>12-2024</td>\n",
       "      <td>908</td>\n",
       "      <td>6</td>\n",
       "    </tr>\n",
       "    <tr>\n",
       "      <th>6</th>\n",
       "      <td>Cliente_7</td>\n",
       "      <td>12-2024</td>\n",
       "      <td>924</td>\n",
       "      <td>7</td>\n",
       "    </tr>\n",
       "    <tr>\n",
       "      <th>7</th>\n",
       "      <td>Cliente_8</td>\n",
       "      <td>12-2024</td>\n",
       "      <td>920</td>\n",
       "      <td>8</td>\n",
       "    </tr>\n",
       "    <tr>\n",
       "      <th>8</th>\n",
       "      <td>Cliente_9</td>\n",
       "      <td>12-2024</td>\n",
       "      <td>886</td>\n",
       "      <td>9</td>\n",
       "    </tr>\n",
       "    <tr>\n",
       "      <th>9</th>\n",
       "      <td>Cliente_10</td>\n",
       "      <td>12-2024</td>\n",
       "      <td>964</td>\n",
       "      <td>10</td>\n",
       "    </tr>\n",
       "    <tr>\n",
       "      <th>10</th>\n",
       "      <td>Cliente_11</td>\n",
       "      <td>12-2024</td>\n",
       "      <td>942</td>\n",
       "      <td>11</td>\n",
       "    </tr>\n",
       "    <tr>\n",
       "      <th>11</th>\n",
       "      <td>Cliente_12</td>\n",
       "      <td>12-2024</td>\n",
       "      <td>974</td>\n",
       "      <td>12</td>\n",
       "    </tr>\n",
       "    <tr>\n",
       "      <th>12</th>\n",
       "      <td>Cliente_13</td>\n",
       "      <td>12-2024</td>\n",
       "      <td>950</td>\n",
       "      <td>13</td>\n",
       "    </tr>\n",
       "    <tr>\n",
       "      <th>13</th>\n",
       "      <td>Cliente_14</td>\n",
       "      <td>12-2024</td>\n",
       "      <td>932</td>\n",
       "      <td>14</td>\n",
       "    </tr>\n",
       "    <tr>\n",
       "      <th>14</th>\n",
       "      <td>Cliente_15</td>\n",
       "      <td>12-2024</td>\n",
       "      <td>938</td>\n",
       "      <td>15</td>\n",
       "    </tr>\n",
       "    <tr>\n",
       "      <th>15</th>\n",
       "      <td>Cliente_16</td>\n",
       "      <td>12-2024</td>\n",
       "      <td>891</td>\n",
       "      <td>16</td>\n",
       "    </tr>\n",
       "    <tr>\n",
       "      <th>16</th>\n",
       "      <td>Cliente_17</td>\n",
       "      <td>12-2024</td>\n",
       "      <td>968</td>\n",
       "      <td>17</td>\n",
       "    </tr>\n",
       "    <tr>\n",
       "      <th>17</th>\n",
       "      <td>Cliente_18</td>\n",
       "      <td>12-2024</td>\n",
       "      <td>972</td>\n",
       "      <td>18</td>\n",
       "    </tr>\n",
       "    <tr>\n",
       "      <th>18</th>\n",
       "      <td>Cliente_19</td>\n",
       "      <td>12-2024</td>\n",
       "      <td>901</td>\n",
       "      <td>19</td>\n",
       "    </tr>\n",
       "    <tr>\n",
       "      <th>19</th>\n",
       "      <td>Cliente_20</td>\n",
       "      <td>12-2024</td>\n",
       "      <td>881</td>\n",
       "      <td>20</td>\n",
       "    </tr>\n",
       "  </tbody>\n",
       "</table>\n",
       "</div>"
      ],
      "text/plain": [
       "       cliente mes_anio  order_demand  cliente_num\n",
       "0    Cliente_1  12-2024           909            1\n",
       "1    Cliente_2  12-2024           959            2\n",
       "2    Cliente_3  12-2024           960            3\n",
       "3    Cliente_4  12-2024           980            4\n",
       "4    Cliente_5  12-2024           979            5\n",
       "5    Cliente_6  12-2024           908            6\n",
       "6    Cliente_7  12-2024           924            7\n",
       "7    Cliente_8  12-2024           920            8\n",
       "8    Cliente_9  12-2024           886            9\n",
       "9   Cliente_10  12-2024           964           10\n",
       "10  Cliente_11  12-2024           942           11\n",
       "11  Cliente_12  12-2024           974           12\n",
       "12  Cliente_13  12-2024           950           13\n",
       "13  Cliente_14  12-2024           932           14\n",
       "14  Cliente_15  12-2024           938           15\n",
       "15  Cliente_16  12-2024           891           16\n",
       "16  Cliente_17  12-2024           968           17\n",
       "17  Cliente_18  12-2024           972           18\n",
       "18  Cliente_19  12-2024           901           19\n",
       "19  Cliente_20  12-2024           881           20"
      ]
     },
     "execution_count": 8,
     "metadata": {},
     "output_type": "execute_result"
    }
   ],
   "source": [
    "# Convertir el número de cliente a entero para ordenar correctamente\n",
    "df_orders['cliente_num'] = df_orders['cliente'].str.extract('(\\d+)').astype(int)\n",
    "\n",
    "# Ordenar por el número del cliente\n",
    "df_orders = df_orders.sort_values(by='cliente_num')\n",
    "\n",
    "df_orders"
   ]
  },
  {
   "cell_type": "code",
   "execution_count": 9,
   "metadata": {},
   "outputs": [
    {
     "data": {
      "text/plain": [
       "[0,\n",
       " 909,\n",
       " 959,\n",
       " 960,\n",
       " 980,\n",
       " 979,\n",
       " 908,\n",
       " 924,\n",
       " 920,\n",
       " 886,\n",
       " 964,\n",
       " 942,\n",
       " 974,\n",
       " 950,\n",
       " 932,\n",
       " 938,\n",
       " 891,\n",
       " 968,\n",
       " 972,\n",
       " 901,\n",
       " 881]"
      ]
     },
     "execution_count": 9,
     "metadata": {},
     "output_type": "execute_result"
    }
   ],
   "source": [
    "# Generar la lista de demandas\n",
    "demandas = [0]  # La primera posición corresponde al almacén con demanda 0\n",
    "demandas += df_orders['order_demand'].tolist()\n",
    "\n",
    "# Mostrar resultados\n",
    "demandas"
   ]
  },
  {
   "cell_type": "code",
   "execution_count": 10,
   "metadata": {},
   "outputs": [],
   "source": [
    "# Función para calcular el costo y validar restricciones\n",
    "# Función para calcular el costo y validar restricciones\n",
    "def calcular_costo_y_validar(rutas, matriz_distancias, vehiculos, demandas):\n",
    "    \"\"\"\n",
    "    Calcula el costo total de las rutas y valida restricciones:\n",
    "    - Capacidad de los vehículos.\n",
    "    - Autonomía de los vehículos.\n",
    "    - Costo por kilómetro de cada vehículo.\n",
    "    Si alguna restricción no se cumple, devuelve un costo infinito.\n",
    "    \"\"\"\n",
    "    costo_total = 0\n",
    "    for i, ruta in enumerate(rutas):\n",
    "        capacidad_usada = 0\n",
    "        distancia_total = 0\n",
    "\n",
    "        for j in range(len(ruta) - 1):\n",
    "            origen = ruta[j]\n",
    "            destino = ruta[j + 1]\n",
    "\n",
    "            # Validar si la ruta es posible\n",
    "            distancia = matriz_distancias[origen][destino]\n",
    "            if distancia == 0:  # Si no hay conexión entre nodos\n",
    "                return float('inf')\n",
    "\n",
    "            # Sumar distancia y demanda\n",
    "            distancia_total += distancia\n",
    "            capacidad_usada += demandas[destino] if destino > 0 else 0  # No cuenta el almacén\n",
    "\n",
    "        # Validar restricciones de vehículo\n",
    "        if capacidad_usada > vehiculos[i][\"capacidad_kg\"] or distancia_total > vehiculos[i][\"autonomia_km\"]:\n",
    "            return float('inf')\n",
    "\n",
    "        # Calcular costo de la ruta: Distancia total * Costo por kilómetro\n",
    "        costo_total += distancia_total * vehiculos[i][\"costo_km\"]\n",
    "\n",
    "    return costo_total\n",
    "\n",
    "# Generar solución inicial (garantizando que cada vehículo visite al menos un cliente)\n",
    "def generar_solucion_inicial(num_vehiculos, num_ubicaciones, demandas, vehiculos):\n",
    "    \"\"\"\n",
    "    Genera una solución inicial asegurando que cada vehículo visite al menos un cliente.\n",
    "    \"\"\"\n",
    "    rutas = [[] for _ in range(num_vehiculos)]\n",
    "    ubicaciones = list(range(1, num_ubicaciones))  # Excluye el depósito (0)\n",
    "    random.shuffle(ubicaciones)  # Mezcla las ubicaciones aleatoriamente\n",
    "\n",
    "    # Asegurar que todos los vehículos visiten al menos un cliente\n",
    "    for i in range(num_vehiculos):\n",
    "        if ubicaciones:\n",
    "            rutas[i].append(ubicaciones.pop())\n",
    "\n",
    "    # Asignar el resto de ubicaciones respetando las capacidades de los vehículos\n",
    "    for loc in ubicaciones:\n",
    "        for i in range(num_vehiculos):\n",
    "            demanda_total = sum(demandas[nodo] for nodo in rutas[i]) + demandas[loc]\n",
    "            if demanda_total <= vehiculos[i][\"capacidad_kg\"]:\n",
    "                rutas[i].append(loc)\n",
    "                break\n",
    "\n",
    "    # Añadir el depósito al inicio y al final de cada ruta\n",
    "    for ruta in rutas:\n",
    "        ruta.insert(0, 20)  # Añade el depósito al inicio\n",
    "        ruta.append(20)    # Añade el depósito al final\n",
    "\n",
    "    return rutas\n",
    "\n",
    "\n",
    "\"\"\"\n",
    "def generar_solucion_inicial(num_vehiculos, num_ubicaciones, demandas, vehiculos):\n",
    "    \n",
    "    #Genera una solución inicial asegurando que cada vehículo visite al menos un cliente.\n",
    "    \n",
    "    rutas = [[] for _ in range(num_vehiculos)]\n",
    "    ubicaciones = list(range(1, num_ubicaciones))  # Excluye el depósito (0)\n",
    "    random.shuffle(ubicaciones)  # Mezcla las ubicaciones aleatoriamente\n",
    "\n",
    "    # Asegurar que todos los vehículos visiten al menos un cliente\n",
    "    for i in range(num_vehiculos):\n",
    "        if ubicaciones:\n",
    "            rutas[i].append(ubicaciones.pop())\n",
    "\n",
    "    # Asignar el resto de ubicaciones respetando las capacidades de los vehículos\n",
    "    for loc in ubicaciones:\n",
    "        for i in range(num_vehiculos):\n",
    "            demanda_total = sum(demandas[nodo] for nodo in rutas[i]) + demandas[loc]\n",
    "            if demanda_total <= vehiculos[i][\"capacidad_kg\"]:\n",
    "                rutas[i].append(loc)\n",
    "                break\n",
    "\n",
    "    # Añadir el depósito al inicio y al final de cada ruta\n",
    "    for ruta in rutas:\n",
    "        ruta.insert(0, 0)  # Añade el depósito al inicio\n",
    "        ruta.append(0)    # Añade el depósito al final\n",
    "\n",
    "    return rutas\n",
    "\"\"\"\n",
    "\n",
    "\"\"\"\n",
    "# Generar solución inicial\n",
    "def generar_solucion_inicial(num_vehiculos, num_ubicaciones, demandas, vehiculos):\n",
    "    rutas = [[] for _ in range(num_vehiculos)]\n",
    "    ubicaciones = list(range(1, num_ubicaciones))  # Excluye el depósito (0)\n",
    "    random.shuffle(ubicaciones)  # Mezcla las ubicaciones aleatoriamente\n",
    "\n",
    "    for loc in ubicaciones:\n",
    "        asignado = False\n",
    "        for i in range(num_vehiculos):\n",
    "            # Validar si se puede asignar al vehículo\n",
    "            demanda_total = sum(demandas[nodo] for nodo in rutas[i]) + demandas[loc]\n",
    "            if demanda_total <= vehiculos[i][\"capacidad_kg\"]:\n",
    "                rutas[i].append(loc)\n",
    "                asignado = True\n",
    "                break\n",
    "        if not asignado:\n",
    "            return []  # No se puede asignar una ubicación respetando las restricciones\n",
    "\n",
    "    for ruta in rutas:\n",
    "        ruta.insert(0, 0)  # Añade el depósito al inicio\n",
    "        ruta.append(0)    # Añade el depósito al final\n",
    "\n",
    "    return rutas\"\"\"\n",
    "\n",
    "# Generar vecinos (movimiento por intercambio)\n",
    "def generar_vecinos(rutas, matriz_distancias, vehiculos, demandas):\n",
    "    vecinos = []\n",
    "    for i in range(len(rutas)):\n",
    "        for j in range(1, len(rutas[i]) - 1):  # Evitar intercambiar depósitos\n",
    "            for k in range(j + 1, len(rutas[i]) - 1):\n",
    "                nueva_ruta = rutas[i][:]  # Copia la ruta actual\n",
    "                nueva_ruta[j], nueva_ruta[k] = nueva_ruta[k], nueva_ruta[j]  # Intercambia dos ubicaciones\n",
    "                nueva_solucion = rutas[:]\n",
    "                nueva_solucion[i] = nueva_ruta\n",
    "\n",
    "                # Validar restricciones antes de añadir\n",
    "                if calcular_costo_y_validar(nueva_solucion, matriz_distancias, vehiculos, demandas) != float('inf'):\n",
    "                    vecinos.append(nueva_solucion)\n",
    "\n",
    "    return vecinos\n",
    "\n",
    "# Algoritmo Tabu Search\n",
    "def tabu_search(matriz_distancias, num_vehiculos, num_ubicaciones, demandas, vehiculos, iteraciones=100, tabu_tam=10):\n",
    "    \"\"\"\n",
    "    Implementa el algoritmo Tabu Search para minimizar el costo bajo restricciones.\n",
    "    \"\"\"\n",
    "    # 1. Solución inicial\n",
    "    solucion_actual = generar_solucion_inicial(num_vehiculos, num_ubicaciones, demandas, vehiculos)\n",
    "    \n",
    "    # Validar si la solución inicial es válida\n",
    "    if not solucion_actual:\n",
    "        return [], float('inf')  # Si no se encuentra una solución válida, retornar inf\n",
    "\n",
    "    mejor_solucion = solucion_actual\n",
    "    mejor_costo = calcular_costo_y_validar(mejor_solucion, matriz_distancias, vehiculos, demandas)\n",
    "    \n",
    "    # Lista Tabú\n",
    "    lista_tabu = []\n",
    "    \n",
    "    for _ in range(iteraciones):\n",
    "        # 2. Generar vecinos de la solución actual\n",
    "        vecinos = generar_vecinos(solucion_actual, matriz_distancias, vehiculos, demandas)\n",
    "        \n",
    "        # 3. Eliminar soluciones en la lista Tabú\n",
    "        vecinos = [v for v in vecinos if v not in lista_tabu]\n",
    "        \n",
    "        # 4. Seleccionar el mejor vecino\n",
    "        if vecinos:\n",
    "            mejor_vecino = min(vecinos, key=lambda v: calcular_costo_y_validar(v, matriz_distancias, vehiculos, demandas))\n",
    "            costo_vecino = calcular_costo_y_validar(mejor_vecino, matriz_distancias, vehiculos, demandas)\n",
    "        else:\n",
    "            break  # No hay vecinos válidos\n",
    "        \n",
    "        # 5. Actualizar la mejor solución global si mejora\n",
    "        if costo_vecino < mejor_costo:\n",
    "            mejor_solucion = mejor_vecino\n",
    "            mejor_costo = costo_vecino\n",
    "        \n",
    "        # 6. Actualizar la lista Tabú\n",
    "        lista_tabu.append(solucion_actual)\n",
    "        if len(lista_tabu) > tabu_tam:  # Mantener el tamaño fijo de la lista Tabú\n",
    "            lista_tabu.pop(0)\n",
    "        \n",
    "        # 7. Moverse al mejor vecino\n",
    "        solucion_actual = mejor_vecino\n",
    "    \n",
    "    return mejor_solucion, mejor_costo"
   ]
  },
  {
   "cell_type": "code",
   "execution_count": 11,
   "metadata": {},
   "outputs": [],
   "source": [
    "def imprimir_resultado(rutas, demandas, vehiculos, matriz_distancias):\n",
    "    \"\"\"\n",
    "    Imprime los resultados de la solución con detalles como la ruta, distancia total,\n",
    "    tiempo total, carga total y el costo por kilómetro de cada vehículo.\n",
    "    \"\"\"\n",
    "    costo_total = 0\n",
    "    lista_diccionarios_rutas = []\n",
    "    for i, ruta in enumerate(rutas):\n",
    "        capacidad_usada = 0\n",
    "        distancia_total = 0\n",
    "        tiempo_total = 0\n",
    "        diccionario_ruta = {\"vehiculo\" : i, \"ruta\" : ruta}\n",
    "        # Mostrar información del vehículo\n",
    "        print(f\"Vehículo {i + 1}:\")\n",
    "        print(f\"  Costo por km: {vehiculos[i]['costo_km']} €/km\")\n",
    "        print(f\"  Ruta: {ruta}\")\n",
    "        lista_diccionarios_rutas.append(diccionario_ruta)\n",
    "        for j in range(len(ruta) - 1):\n",
    "            origen = ruta[j]\n",
    "            destino = ruta[j + 1]\n",
    "\n",
    "            # Calcular distancia y demanda\n",
    "            distancia = matriz_distancias[origen][destino]\n",
    "            distancia_total += distancia\n",
    "            capacidad_usada += demandas[destino] if destino > 0 else 0  # No cuenta el almacén\n",
    "\n",
    "            # Suponemos que 1 km = 1 minuto como estimación\n",
    "            tiempo_total += distancia\n",
    "\n",
    "        # Mostrar restricciones de carga y distancia\n",
    "        print(f\"  Distancia total: {distancia_total:.2f} km (Máxima permitida: {vehiculos[i]['autonomia_km']} km)\")\n",
