{
 "cells": [
  {
   "cell_type": "code",
   "execution_count": 16,
   "metadata": {},
   "outputs": [],
   "source": [
    "import pandas as pd\n",
    "import networkx as nx\n",
    "import numpy as np\n",
    "from tqdm import tqdm"
   ]
  },
  {
   "cell_type": "code",
   "execution_count": 2,
   "metadata": {},
   "outputs": [
    {
     "data": {
      "text/html": [
       "<div>\n",
       "<style scoped>\n",
       "    .dataframe tbody tr th:only-of-type {\n",
       "        vertical-align: middle;\n",
       "    }\n",
       "\n",
       "    .dataframe tbody tr th {\n",
       "        vertical-align: top;\n",
       "    }\n",
       "\n",
       "    .dataframe thead th {\n",
       "        text-align: right;\n",
       "    }\n",
       "</style>\n",
       "<table border=\"1\" class=\"dataframe\">\n",
       "  <thead>\n",
       "    <tr style=\"text-align: right;\">\n",
       "      <th></th>\n",
       "      <th>CLIENTES</th>\n",
       "      <th>Cliente_1</th>\n",
       "      <th>Cliente_2</th>\n",
       "      <th>Cliente_3</th>\n",
       "      <th>Cliente_4</th>\n",
       "      <th>Cliente_5</th>\n",
       "      <th>Cliente_6</th>\n",
       "      <th>Cliente_7</th>\n",
       "      <th>Cliente_8</th>\n",
       "      <th>Cliente_9</th>\n",
       "      <th>...</th>\n",
       "      <th>Cliente_12</th>\n",
       "      <th>Cliente_13</th>\n",
       "      <th>Cliente_14</th>\n",
       "      <th>Cliente_15</th>\n",
       "      <th>Cliente_16</th>\n",
       "      <th>Cliente_17</th>\n",
       "      <th>Cliente_18</th>\n",
       "      <th>Cliente_19</th>\n",
       "      <th>Cliente_20</th>\n",
       "      <th>Almacén</th>\n",
       "    </tr>\n",
       "  </thead>\n",
       "  <tbody>\n",
       "    <tr>\n",
       "      <th>0</th>\n",
       "      <td>Cliente_1</td>\n",
       "      <td>0.0000</td>\n",
       "      <td>7.5625</td>\n",
       "      <td>15.5365</td>\n",
       "      <td>1.1998</td>\n",
       "      <td>4.7145</td>\n",
       "      <td>1.7407</td>\n",
       "      <td>7.9408</td>\n",
       "      <td>17.1947</td>\n",
       "      <td>4.2933</td>\n",
       "      <td>...</td>\n",
       "      <td>6.0225</td>\n",
       "      <td>5.4470</td>\n",
       "      <td>2.2133</td>\n",
       "      <td>11.1505</td>\n",
       "      <td>1.5775</td>\n",
       "      <td>10.8288</td>\n",
       "      <td>9.1456</td>\n",
       "      <td>20.4871</td>\n",
       "      <td>22.1445</td>\n",
       "      <td>3.6114</td>\n",
       "    </tr>\n",
       "    <tr>\n",
       "      <th>1</th>\n",
       "      <td>Cliente_2</td>\n",
       "      <td>7.5625</td>\n",
       "      <td>0.0000</td>\n",
       "      <td>3.3838</td>\n",
       "      <td>7.7433</td>\n",
       "      <td>14.5720</td>\n",
       "      <td>8.5237</td>\n",
       "      <td>0.4847</td>\n",
       "      <td>13.7974</td>\n",
       "      <td>10.1522</td>\n",
       "      <td>...</td>\n",
       "      <td>10.1049</td>\n",
       "      <td>2.6961</td>\n",
       "      <td>13.4907</td>\n",
       "      <td>18.0835</td>\n",
       "      <td>7.0275</td>\n",
       "      <td>19.8218</td>\n",
       "      <td>8.2737</td>\n",
       "      <td>9.6369</td>\n",
       "      <td>19.1038</td>\n",
       "      <td>10.7361</td>\n",
       "    </tr>\n",
       "    <tr>\n",
       "      <th>2</th>\n",
       "      <td>Cliente_3</td>\n",
       "      <td>15.5365</td>\n",
       "      <td>3.3838</td>\n",
       "      <td>0.0000</td>\n",
       "      <td>12.5438</td>\n",
       "      <td>0.0000</td>\n",
       "      <td>0.0000</td>\n",
       "      <td>0.0000</td>\n",
       "      <td>16.0355</td>\n",
       "      <td>13.9120</td>\n",
       "      <td>...</td>\n",
       "      <td>12.3430</td>\n",
       "      <td>5.0114</td>\n",
       "      <td>15.7289</td>\n",
       "      <td>17.9217</td>\n",
       "      <td>9.6824</td>\n",
       "      <td>22.0599</td>\n",
       "      <td>10.5118</td>\n",
       "      <td>7.7574</td>\n",
       "      <td>16.5997</td>\n",
       "      <td>13.9021</td>\n",
       "    </tr>\n",
       "    <tr>\n",
       "      <th>3</th>\n",
       "      <td>Cliente_4</td>\n",
       "      <td>1.1998</td>\n",
       "      <td>7.7433</td>\n",
       "      <td>12.5438</td>\n",
       "      <td>0.0000</td>\n",
       "      <td>5.0721</td>\n",
       "      <td>0.9119</td>\n",
       "      <td>7.5798</td>\n",
       "      <td>17.4095</td>\n",
       "      <td>3.5781</td>\n",
       "      <td>...</td>\n",
       "      <td>6.2330</td>\n",
       "      <td>4.7117</td>\n",
       "      <td>2.8799</td>\n",
       "      <td>11.3610</td>\n",
       "      <td>1.3127</td>\n",
       "      <td>11.1926</td>\n",
       "      <td>9.3561</td>\n",
       "      <td>20.7019</td>\n",
       "      <td>21.1518</td>\n",
       "      <td>3.3673</td>\n",
       "    </tr>\n",
       "    <tr>\n",
       "      <th>4</th>\n",
       "      <td>Cliente_5</td>\n",
       "      <td>4.7145</td>\n",
       "      <td>14.5720</td>\n",
       "      <td>0.0000</td>\n",
       "      <td>5.0721</td>\n",
       "      <td>0.0000</td>\n",
       "      <td>4.8187</td>\n",
       "      <td>0.0000</td>\n",
       "      <td>0.0000</td>\n",
       "      <td>0.0000</td>\n",
       "      <td>...</td>\n",
       "      <td>6.8738</td>\n",
       "      <td>9.1064</td>\n",
       "      <td>3.6476</td>\n",
       "      <td>12.0019</td>\n",
       "      <td>5.4347</td>\n",
       "      <td>5.2872</td>\n",
       "      <td>9.9969</td>\n",
       "      <td>21.3384</td>\n",
       "      <td>25.5947</td>\n",
       "      <td>4.5417</td>\n",
       "    </tr>\n",
       "  </tbody>\n",
       "</table>\n",
       "<p>5 rows × 22 columns</p>\n",
       "</div>"
      ],
      "text/plain": [
       "    CLIENTES  Cliente_1  Cliente_2  Cliente_3  Cliente_4  Cliente_5  \\\n",
       "0  Cliente_1     0.0000     7.5625    15.5365     1.1998     4.7145   \n",
       "1  Cliente_2     7.5625     0.0000     3.3838     7.7433    14.5720   \n",
       "2  Cliente_3    15.5365     3.3838     0.0000    12.5438     0.0000   \n",
       "3  Cliente_4     1.1998     7.7433    12.5438     0.0000     5.0721   \n",
       "4  Cliente_5     4.7145    14.5720     0.0000     5.0721     0.0000   \n",
       "\n",
       "   Cliente_6  Cliente_7  Cliente_8  Cliente_9  ...  Cliente_12  Cliente_13  \\\n",
       "0     1.7407     7.9408    17.1947     4.2933  ...      6.0225      5.4470   \n",
       "1     8.5237     0.4847    13.7974    10.1522  ...     10.1049      2.6961   \n",
       "2     0.0000     0.0000    16.0355    13.9120  ...     12.3430      5.0114   \n",
       "3     0.9119     7.5798    17.4095     3.5781  ...      6.2330      4.7117   \n",
       "4     4.8187     0.0000     0.0000     0.0000  ...      6.8738      9.1064   \n",
       "\n",
       "   Cliente_14  Cliente_15  Cliente_16  Cliente_17  Cliente_18  Cliente_19  \\\n",
       "0      2.2133     11.1505      1.5775     10.8288      9.1456     20.4871   \n",
       "1     13.4907     18.0835      7.0275     19.8218      8.2737      9.6369   \n",
       "2     15.7289     17.9217      9.6824     22.0599     10.5118      7.7574   \n",
       "3      2.8799     11.3610      1.3127     11.1926      9.3561     20.7019   \n",
       "4      3.6476     12.0019      5.4347      5.2872      9.9969     21.3384   \n",
       "\n",
       "   Cliente_20  Almacén  \n",
       "0     22.1445   3.6114  \n",
       "1     19.1038  10.7361  \n",
       "2     16.5997  13.9021  \n",
       "3     21.1518   3.3673  \n",
       "4     25.5947   4.5417  \n",
       "\n",
       "[5 rows x 22 columns]"
      ]
     },
     "execution_count": 2,
     "metadata": {},
     "output_type": "execute_result"
    }
   ],
   "source": [
    "df_distance_km = \"../dataset/df_distance_km.xlsx\"\n",
    "df = pd.read_excel(df_distance_km)\n",
    "df.head()"
   ]
  },
  {
   "cell_type": "code",
   "execution_count": 3,
   "metadata": {},
   "outputs": [
    {
     "data": {
      "text/plain": [
       "0      Cliente_1\n",
       "1      Cliente_2\n",
       "2      Cliente_3\n",
       "3      Cliente_4\n",
       "4      Cliente_5\n",
       "5      Cliente_6\n",
       "6      Cliente_7\n",
       "7      Cliente_8\n",
       "8      Cliente_9\n",
       "9     Cliente_10\n",
       "10    Cliente_11\n",
       "11    Cliente_12\n",
       "12    Cliente_13\n",
       "13    Cliente_14\n",
       "14    Cliente_15\n",
       "15    Cliente_16\n",
       "16    Cliente_17\n",
       "17    Cliente_18\n",
       "18    Cliente_19\n",
       "19    Cliente_20\n",
       "20       Almacén\n",
       "Name: CLIENTES, dtype: object"
      ]
     },
     "execution_count": 3,
     "metadata": {},
     "output_type": "execute_result"
    }
   ],
   "source": [
    "df_clientes = df[\"CLIENTES\"]\n",
    "df_clientes"
   ]
  },
  {
   "cell_type": "code",
   "execution_count": 4,
   "metadata": {},
   "outputs": [
    {
     "data": {
      "text/plain": [
       "array([[ 0.    ,  7.5625, 15.5365,  1.1998,  4.7145,  1.7407,  7.9408,\n",
       "        17.1947,  4.2933,  3.2659,  2.1866,  6.0225,  5.447 ,  2.2133,\n",
       "        11.1505,  1.5775, 10.8288,  9.1456, 20.4871, 22.1445,  3.6114],\n",
       "       [ 7.5625,  0.    ,  3.3838,  7.7433, 14.572 ,  8.5237,  0.4847,\n",
       "        13.7974, 10.1522,  7.1521, 14.8113, 10.1049,  2.6961, 13.4907,\n",
       "        18.0835,  7.0275, 19.8218,  8.2737,  9.6369, 19.1038, 10.7361],\n",
       "       [15.5365,  3.3838,  0.    , 12.5438,  0.    ,  0.    ,  0.    ,\n",
       "        16.0355, 13.912 , 13.0649, 17.0494, 12.343 ,  5.0114, 15.7289,\n",
       "        17.9217,  9.6824, 22.0599, 10.5118,  7.7574, 16.5997, 13.9021],\n",
       "       [ 1.1998,  7.7433, 12.5438,  0.    ,  5.0721,  0.9119,  7.5798,\n",
       "        17.4095,  3.5781,  3.3451,  2.8532,  6.233 ,  4.7117,  2.8799,\n",
       "        11.361 ,  1.3127, 11.1926,  9.3561, 20.7019, 21.1518,  3.3673],\n",
       "       [ 4.7145, 14.572 ,  0.    ,  5.0721,  0.    ,  4.8187,  0.    ,\n",
       "         0.    ,  0.    ,  7.217 ,  2.6253,  6.8738,  9.1064,  3.6476,\n",
       "        12.0019,  5.4347,  5.2872,  9.9969, 21.3384, 25.5947,  4.5417],\n",
       "       [ 1.7407,  8.5237,  0.    ,  0.9119,  4.8187,  0.    ,  7.8866,\n",
       "        20.0472,  2.906 ,  4.0899,  2.889 ,  8.875 ,  5.0185,  3.2185,\n",
       "        14.003 ,  2.0575, 11.4008, 11.9981, 19.7467, 20.4797,  2.6952],\n",
       "       [ 7.9408,  0.4847,  0.    ,  7.5798,  0.    ,  7.8866,  0.    ,\n",
       "        13.9893, 10.1499,  7.344 , 15.0032, 10.2968,  0.    ,  0.    ,\n",
       "         0.    ,  7.2194, 20.0138,  8.4656,  9.8289, 17.1722, 10.928 ],\n",
       "       [17.1947, 13.7974, 16.0355, 17.4095,  0.    , 20.0472, 13.9893,\n",
       "         0.    , 19.6963, 12.9161, 16.1829, 12.3127, 13.5906, 14.8623,\n",
       "         5.9742, 14.6038, 22.6587,  8.9984, 15.5515, 34.1368, 20.8703],\n",
       "       [ 4.2933, 10.1522, 13.912 ,  3.5781,  0.    ,  2.906 , 10.1499,\n",
       "        19.6963,  0.    ,  6.8679,  3.5313, 10.1024,  7.7229,  4.5536,\n",
       "        15.2304,  4.8355,  9.7565, 13.2255, 24.567 , 22.9781,  1.0494],\n",
       "       [ 3.2659,  7.1521, 13.0649,  3.3451,  7.217 ,  4.0899,  7.344 ,\n",
       "        12.9161,  6.8679,  0.    ,  4.7283,  2.3061,  4.9896,  0.    ,\n",
       "         8.2196,  0.    , 10.8948,  5.305 , 17.5604, 21.1407,  5.9516],\n",
       "       [ 2.1866, 14.8113, 17.0494,  2.8532,  2.6253,  2.889 , 15.0032,\n",
       "        16.1829,  3.5313,  4.7283,  0.    ,  6.5845,  8.2105,  1.6099,\n",
       "        11.7126,  3.397 ,  7.7031,  9.7077, 21.0492, 22.484 ,  2.912 ],\n",
       "       [ 6.0225, 10.1049, 12.343 ,  6.233 ,  6.8738,  8.875 , 10.2968,\n",
       "        12.3127, 10.1024,  2.3061,  6.5845,  0.    ,  6.4451,  5.9051,\n",
       "         5.6418,  4.2199, 12.2362,  5.1248, 16.4706, 22.5962, 10.2374],\n",
       "       [ 5.447 ,  2.6961,  5.0114,  4.7117,  9.1064,  5.0185,  0.    ,\n",
       "        13.5906,  7.7229,  4.9896,  8.2105,  6.4451,  0.    , 10.0708,\n",
       "        10.0675,  4.2809, 15.2069,  6.2869, 12.4538, 17.7187,  7.9895],\n",
       "       [ 2.2133, 13.4907, 15.7289,  2.8799,  3.6476,  3.2185,  0.    ,\n",
       "        14.8623,  4.5536,  0.    ,  1.6099,  5.9051, 10.0708,  0.    ,\n",
       "         0.    ,  0.    ,  0.    ,  8.6033, 19.9448, 23.8969,  4.0306],\n",
       "       [11.1505, 18.0835, 17.9217, 11.361 , 12.0019, 14.003 ,  0.    ,\n",
       "         5.9742, 15.2304,  8.2196, 11.7126,  5.6418, 10.0675,  0.    ,\n",
       "         0.    , 10.6147, 21.7754,  5.1865, 18.4207, 37.006 , 15.6084],\n",
       "       [ 1.5775,  7.0275,  9.6824,  1.3127,  5.4347,  2.0575,  7.2194,\n",
       "        14.6038,  4.8355,  0.    ,  3.397 ,  4.2199,  4.2809,  0.    ,\n",
       "        10.6147,  0.    , 11.3728,  8.9277, 20.2735, 21.0351,  4.1554],\n",
       "       [10.8288, 19.8218, 22.0599, 11.1926,  5.2872, 11.4008, 20.0138,\n",
       "        22.6587,  9.7565, 10.8948,  7.7031, 12.2362, 15.2069,  0.    ,\n",
       "        21.7754, 11.3728,  0.    , 14.8006, 26.1421, 30.6412,  8.5221],\n",
       "       [ 9.1456,  8.2737, 10.5118,  9.3561,  9.9969, 11.9981,  8.4656,\n",
       "         8.9984, 13.2255,  5.305 ,  9.7077,  5.1248,  6.2869,  8.6033,\n",
       "         5.1865,  8.9277, 14.8006,  0.    , 14.7105, 24.3734, 13.2923],\n",
       "       [20.4871,  9.6369,  7.7574, 20.7019, 21.3384, 19.7467,  9.8289,\n",
       "        15.5515, 24.567 , 17.5604, 21.0492, 16.4706, 12.4538, 19.9448,\n",
       "        18.4207, 20.2735, 26.1421, 14.7105,  0.    , 24.1215, 22.0368],\n",
       "       [22.1445, 19.1038, 16.5997, 21.1518, 25.5947, 20.4797, 17.1722,\n",
       "        34.1368, 22.9781, 21.1407, 22.484 , 22.5962, 17.7187, 23.8969,\n",
       "        37.006 , 21.0351, 30.6412, 24.3734, 24.1215,  0.    , 14.8282],\n",
       "       [ 3.6114, 10.7361, 13.9021,  3.3673,  4.5417,  2.6952, 10.928 ,\n",
       "        20.8703,  1.0494,  5.9516,  2.912 , 10.2374,  7.9895,  4.0306,\n",
       "        15.6084,  4.1554,  8.5221, 13.2923, 22.0368, 14.8282,  0.    ]])"
      ]
     },
     "execution_count": 4,
     "metadata": {},
     "output_type": "execute_result"
    }
   ],
   "source": [
    "df = df.drop(columns=[\"CLIENTES\"])\n",
    "distance_km_array = df.to_numpy()\n",
    "distance_km_array"
   ]
  },
  {
   "cell_type": "code",
   "execution_count": 5,
   "metadata": {},
   "outputs": [],
   "source": [
    "import numpy as np\n",
    "from deap import base, creator, tools, algorithms\n",
    "import random"
   ]
  },
  {
   "cell_type": "code",
   "execution_count": 6,
   "metadata": {},
   "outputs": [
    {
     "name": "stdout",
     "output_type": "stream",
     "text": [
      "Generación 1: Min = 166.2326, Avg = 221.21610600000002\n",
      "Generación 2: Min = 166.2326, Avg = 204.7791670000001\n",
      "Generación 3: Min = 166.2326, Avg = 194.31107600000013\n",
      "Generación 4: Min = 166.2326, Avg = 186.86794600000002\n",
      "Generación 5: Min = 166.2326, Avg = 179.50194700000003\n",
      "Generación 6: Min = 166.2326, Avg = 171.0173989999999\n",
      "Generación 7: Min = 166.2326, Avg = 166.58987399999975\n",
      "Generación 8: Min = 166.2326, Avg = 166.23259999999974\n",
      "Generación 9: Min = 166.2326, Avg = 166.23259999999974\n",
      "Generación 10: Min = 166.2326, Avg = 166.23259999999974\n",
      "Generación 11: Min = 166.2326, Avg = 166.23259999999974\n",
      "Generación 12: Min = 166.2326, Avg = 166.23259999999974\n",
      "Generación 13: Min = 166.2326, Avg = 166.23259999999974\n",
      "Generación 14: Min = 166.2326, Avg = 166.23259999999974\n",
      "Generación 15: Min = 166.2326, Avg = 166.23259999999974\n",
      "Generación 16: Min = 166.2326, Avg = 166.23259999999974\n",
      "Generación 17: Min = 166.2326, Avg = 166.23259999999974\n",
      "Generación 18: Min = 166.2326, Avg = 166.23259999999974\n",
      "Generación 19: Min = 166.2326, Avg = 166.23259999999974\n",
      "Generación 20: Min = 166.2326, Avg = 166.23259999999974\n",
      "Generación 21: Min = 166.2326, Avg = 166.23259999999974\n",
      "Generación 22: Min = 166.2326, Avg = 166.23259999999974\n",
      "Generación 23: Min = 166.2326, Avg = 166.23259999999974\n",
      "Generación 24: Min = 166.2326, Avg = 166.23259999999974\n",
      "Generación 25: Min = 166.2326, Avg = 166.23259999999974\n",
      "Generación 26: Min = 166.2326, Avg = 166.23259999999974\n",
      "Generación 27: Min = 166.2326, Avg = 166.23259999999974\n",
      "Generación 28: Min = 166.2326, Avg = 166.23259999999974\n",
      "Generación 29: Min = 166.2326, Avg = 166.23259999999974\n",
      "Generación 30: Min = 166.2326, Avg = 166.23259999999974\n",
      "Generación 31: Min = 166.2326, Avg = 166.23259999999974\n",
      "Generación 32: Min = 166.2326, Avg = 166.23259999999974\n",
      "Generación 33: Min = 166.2326, Avg = 166.23259999999974\n",
      "Generación 34: Min = 166.2326, Avg = 166.23259999999974\n",
      "Generación 35: Min = 166.2326, Avg = 166.23259999999974\n",
      "Generación 36: Min = 166.2326, Avg = 166.23259999999974\n",
      "Generación 37: Min = 166.2326, Avg = 166.23259999999974\n",
      "Generación 38: Min = 166.2326, Avg = 166.23259999999974\n",
      "Generación 39: Min = 166.2326, Avg = 166.23259999999974\n",
      "Generación 40: Min = 166.2326, Avg = 166.23259999999974\n",
      "Generación 41: Min = 166.2326, Avg = 166.23259999999974\n",
      "Generación 42: Min = 166.2326, Avg = 166.23259999999974\n",
      "Generación 43: Min = 166.2326, Avg = 166.23259999999974\n",
      "Generación 44: Min = 166.2326, Avg = 166.23259999999974\n",
      "Generación 45: Min = 166.2326, Avg = 166.23259999999974\n",
      "Generación 46: Min = 166.2326, Avg = 166.23259999999974\n",
      "Generación 47: Min = 166.2326, Avg = 166.23259999999974\n",
      "Generación 48: Min = 166.2326, Avg = 166.23259999999974\n",
      "Generación 49: Min = 166.2326, Avg = 166.23259999999974\n",
      "Generación 50: Min = 166.2326, Avg = 166.23259999999974\n",
      "Generación 51: Min = 166.2326, Avg = 166.23259999999974\n",
      "Generación 52: Min = 166.2326, Avg = 166.23259999999974\n",
      "Generación 53: Min = 166.2326, Avg = 166.23259999999974\n",
      "Generación 54: Min = 166.2326, Avg = 166.23259999999974\n",
      "Generación 55: Min = 166.2326, Avg = 166.23259999999974\n",
      "Generación 56: Min = 166.2326, Avg = 166.23259999999974\n",
      "Generación 57: Min = 166.2326, Avg = 166.23259999999974\n",
      "Generación 58: Min = 166.2326, Avg = 166.23259999999974\n",
      "Generación 59: Min = 166.2326, Avg = 166.23259999999974\n",
      "Generación 60: Min = 166.2326, Avg = 166.23259999999974\n",
      "Generación 61: Min = 166.2326, Avg = 166.23259999999974\n",
      "Generación 62: Min = 166.2326, Avg = 166.23259999999974\n",
      "Generación 63: Min = 166.2326, Avg = 166.23259999999974\n",
      "Generación 64: Min = 166.2326, Avg = 166.23259999999974\n",
      "Generación 65: Min = 166.2326, Avg = 166.23259999999974\n",
      "Generación 66: Min = 166.2326, Avg = 166.23259999999974\n",
      "Generación 67: Min = 166.2326, Avg = 166.23259999999974\n",
      "Generación 68: Min = 166.2326, Avg = 166.23259999999974\n",
      "Generación 69: Min = 166.2326, Avg = 166.23259999999974\n",
      "Generación 70: Min = 166.2326, Avg = 166.23259999999974\n",
      "Generación 71: Min = 166.2326, Avg = 166.23259999999974\n",
      "Generación 72: Min = 166.2326, Avg = 166.23259999999974\n",
      "Generación 73: Min = 166.2326, Avg = 166.23259999999974\n",
      "Generación 74: Min = 166.2326, Avg = 166.23259999999974\n",
      "Generación 75: Min = 166.2326, Avg = 166.23259999999974\n",
      "Generación 76: Min = 166.2326, Avg = 166.23259999999974\n",
      "Generación 77: Min = 166.2326, Avg = 166.23259999999974\n",
      "Generación 78: Min = 166.2326, Avg = 166.23259999999974\n",
      "Generación 79: Min = 166.2326, Avg = 166.23259999999974\n",
      "Generación 80: Min = 166.2326, Avg = 166.23259999999974\n",
      "Generación 81: Min = 166.2326, Avg = 166.23259999999974\n",
      "Generación 82: Min = 166.2326, Avg = 166.23259999999974\n",
      "Generación 83: Min = 166.2326, Avg = 166.23259999999974\n",
      "Generación 84: Min = 166.2326, Avg = 166.23259999999974\n",
      "Generación 85: Min = 166.2326, Avg = 166.23259999999974\n",
      "Generación 86: Min = 166.2326, Avg = 166.23259999999974\n",
      "Generación 87: Min = 166.2326, Avg = 166.23259999999974\n",
      "Generación 88: Min = 166.2326, Avg = 166.23259999999974\n",
      "Generación 89: Min = 166.2326, Avg = 166.23259999999974\n",
      "Generación 90: Min = 166.2326, Avg = 166.23259999999974\n",
      "Generación 91: Min = 166.2326, Avg = 166.23259999999974\n",
      "Generación 92: Min = 166.2326, Avg = 166.23259999999974\n",
      "Generación 93: Min = 166.2326, Avg = 166.23259999999974\n",
      "Generación 94: Min = 166.2326, Avg = 166.23259999999974\n",
      "Generación 95: Min = 166.2326, Avg = 166.23259999999974\n",
      "Generación 96: Min = 166.2326, Avg = 166.23259999999974\n",
      "Generación 97: Min = 166.2326, Avg = 166.23259999999974\n",
      "Generación 98: Min = 166.2326, Avg = 166.23259999999974\n",
      "Generación 99: Min = 166.2326, Avg = 166.23259999999974\n",
      "Generación 100: Min = 166.2326, Avg = 166.23259999999974\n",
      "Generación 101: Min = 166.2326, Avg = 166.23259999999974\n",
      "Generación 102: Min = 166.2326, Avg = 166.23259999999974\n",
      "Generación 103: Min = 166.2326, Avg = 166.23259999999974\n",
      "Generación 104: Min = 166.2326, Avg = 166.23259999999974\n",
      "Generación 105: Min = 166.2326, Avg = 166.23259999999974\n",
      "Generación 106: Min = 166.2326, Avg = 166.23259999999974\n",
      "Generación 107: Min = 166.2326, Avg = 166.23259999999974\n",
      "Generación 108: Min = 166.2326, Avg = 166.23259999999974\n",
      "Generación 109: Min = 166.2326, Avg = 166.23259999999974\n",
      "Generación 110: Min = 166.2326, Avg = 166.23259999999974\n",
      "Generación 111: Min = 166.2326, Avg = 166.23259999999974\n",
      "Generación 112: Min = 166.2326, Avg = 166.23259999999974\n",
      "Generación 113: Min = 166.2326, Avg = 166.23259999999974\n",
      "Generación 114: Min = 166.2326, Avg = 166.23259999999974\n",
      "Generación 115: Min = 166.2326, Avg = 166.23259999999974\n",
      "Generación 116: Min = 166.2326, Avg = 166.23259999999974\n",
      "Generación 117: Min = 166.2326, Avg = 166.23259999999974\n",
      "Generación 118: Min = 166.2326, Avg = 166.23259999999974\n",
      "Generación 119: Min = 166.2326, Avg = 166.23259999999974\n",
      "Generación 120: Min = 166.2326, Avg = 166.23259999999974\n",
      "Generación 121: Min = 166.2326, Avg = 166.23259999999974\n",
      "Generación 122: Min = 166.2326, Avg = 166.23259999999974\n",
      "Generación 123: Min = 166.2326, Avg = 166.23259999999974\n",
      "Generación 124: Min = 166.2326, Avg = 166.23259999999974\n",
      "Generación 125: Min = 166.2326, Avg = 166.23259999999974\n",
      "Generación 126: Min = 166.2326, Avg = 166.23259999999974\n",
      "Generación 127: Min = 166.2326, Avg = 166.23259999999974\n",
      "Generación 128: Min = 166.2326, Avg = 166.23259999999974\n",
      "Generación 129: Min = 166.2326, Avg = 166.23259999999974\n",
      "Generación 130: Min = 166.2326, Avg = 166.23259999999974\n",
      "Generación 131: Min = 166.2326, Avg = 166.23259999999974\n",
      "Generación 132: Min = 166.2326, Avg = 166.23259999999974\n",
      "Generación 133: Min = 166.2326, Avg = 166.23259999999974\n",
      "Generación 134: Min = 166.2326, Avg = 166.23259999999974\n",
      "Generación 135: Min = 166.2326, Avg = 166.23259999999974\n",
      "Generación 136: Min = 166.2326, Avg = 166.23259999999974\n",
      "Generación 137: Min = 166.2326, Avg = 166.23259999999974\n",
      "Generación 138: Min = 166.2326, Avg = 166.23259999999974\n",
      "Generación 139: Min = 166.2326, Avg = 166.23259999999974\n",
      "Generación 140: Min = 166.2326, Avg = 166.23259999999974\n",
      "Generación 141: Min = 166.2326, Avg = 166.23259999999974\n",
      "Generación 142: Min = 166.2326, Avg = 166.23259999999974\n",
      "Generación 143: Min = 166.2326, Avg = 166.23259999999974\n",
      "Generación 144: Min = 166.2326, Avg = 166.23259999999974\n",
      "Generación 145: Min = 166.2326, Avg = 166.23259999999974\n",
      "Generación 146: Min = 166.2326, Avg = 166.23259999999974\n",
      "Generación 147: Min = 166.2326, Avg = 166.23259999999974\n",
      "Generación 148: Min = 166.2326, Avg = 166.23259999999974\n",
      "Generación 149: Min = 166.2326, Avg = 166.23259999999974\n",
      "Generación 150: Min = 166.2326, Avg = 166.23259999999974\n",
      "Generación 151: Min = 166.2326, Avg = 166.23259999999974\n",
      "Generación 152: Min = 166.2326, Avg = 166.23259999999974\n",
      "Generación 153: Min = 166.2326, Avg = 166.23259999999974\n",
      "Generación 154: Min = 166.2326, Avg = 166.23259999999974\n",
      "Generación 155: Min = 166.2326, Avg = 166.23259999999974\n",
      "Generación 156: Min = 166.2326, Avg = 166.23259999999974\n",
      "Generación 157: Min = 166.2326, Avg = 166.23259999999974\n",
      "Generación 158: Min = 166.2326, Avg = 166.23259999999974\n",
      "Generación 159: Min = 166.2326, Avg = 166.23259999999974\n",
      "Generación 160: Min = 166.2326, Avg = 166.23259999999974\n",
      "Generación 161: Min = 166.2326, Avg = 166.23259999999974\n",
      "Generación 162: Min = 166.2326, Avg = 166.23259999999974\n",
      "Generación 163: Min = 166.2326, Avg = 166.23259999999974\n",
      "Generación 164: Min = 166.2326, Avg = 166.23259999999974\n",
      "Generación 165: Min = 166.2326, Avg = 166.23259999999974\n",
      "Generación 166: Min = 166.2326, Avg = 166.23259999999974\n",
      "Generación 167: Min = 166.2326, Avg = 166.23259999999974\n",
      "Generación 168: Min = 166.2326, Avg = 166.23259999999974\n",
      "Generación 169: Min = 166.2326, Avg = 166.23259999999974\n",
      "Generación 170: Min = 166.2326, Avg = 166.23259999999974\n",
      "Generación 171: Min = 166.2326, Avg = 166.23259999999974\n",
      "Generación 172: Min = 166.2326, Avg = 166.23259999999974\n",
      "Generación 173: Min = 166.2326, Avg = 166.23259999999974\n",
      "Generación 174: Min = 166.2326, Avg = 166.23259999999974\n",
      "Generación 175: Min = 166.2326, Avg = 166.23259999999974\n",
      "Generación 176: Min = 166.2326, Avg = 166.23259999999974\n",
      "Generación 177: Min = 166.2326, Avg = 166.23259999999974\n",
      "Generación 178: Min = 166.2326, Avg = 166.23259999999974\n",
      "Generación 179: Min = 166.2326, Avg = 166.23259999999974\n",
      "Generación 180: Min = 166.2326, Avg = 166.23259999999974\n",
      "Generación 181: Min = 166.2326, Avg = 166.23259999999974\n",
      "Generación 182: Min = 166.2326, Avg = 166.23259999999974\n",
      "Generación 183: Min = 166.2326, Avg = 166.23259999999974\n",
      "Generación 184: Min = 166.2326, Avg = 166.23259999999974\n",
      "Generación 185: Min = 166.2326, Avg = 166.23259999999974\n",
      "Generación 186: Min = 166.2326, Avg = 166.23259999999974\n",
      "Generación 187: Min = 166.2326, Avg = 166.23259999999974\n",
      "Generación 188: Min = 166.2326, Avg = 166.23259999999974\n",
      "Generación 189: Min = 166.2326, Avg = 166.23259999999974\n",
      "Generación 190: Min = 166.2326, Avg = 166.23259999999974\n",
      "Generación 191: Min = 166.2326, Avg = 166.23259999999974\n",
      "Generación 192: Min = 166.2326, Avg = 166.23259999999974\n",
      "Generación 193: Min = 166.2326, Avg = 166.23259999999974\n",
      "Generación 194: Min = 166.2326, Avg = 166.23259999999974\n",
      "Generación 195: Min = 166.2326, Avg = 166.23259999999974\n",
      "Generación 196: Min = 166.2326, Avg = 166.23259999999974\n",
      "Generación 197: Min = 166.2326, Avg = 166.23259999999974\n",
      "Generación 198: Min = 166.2326, Avg = 166.23259999999974\n",
      "Generación 199: Min = 166.2326, Avg = 166.23259999999974\n",
      "Generación 200: Min = 166.2326, Avg = 166.23259999999974\n",
      "\n",
      "Mejor ruta encontrada (índices): [20, 0, 10, 19, 12, 7, 18, 2, 1, 3, 5, 4, 9, 11, 13, 6, 14, 15, 17, 8, 16, 20]\n",
      "Mejor ruta encontrada (clientes): ['Cliente_21', 'Cliente_1', 'Cliente_11', 'Cliente_20', 'Cliente_13', 'Cliente_8', 'Cliente_19', 'Cliente_3', 'Cliente_2', 'Cliente_4', 'Cliente_6', 'Cliente_5', 'Cliente_10', 'Cliente_12', 'Cliente_14', 'Cliente_7', 'Cliente_15', 'Cliente_16', 'Cliente_18', 'Cliente_9', 'Cliente_17', 'Cliente_21']\n",
      "Distancia total: 166.2326\n"
     ]
    }
   ],
   "source": [
    "# Índice del último cliente (inicio y fin)\n",
    "ultimo_cliente = len(distance_km_array) - 1\n",
    "\n",
    "# 2. Configurar DEAP\n",
    "creator.create(\"FitnessMin\", base.Fitness, weights=(-1.0,))  # Minimizar distancia\n",
    "creator.create(\"Individual\", list, fitness=creator.FitnessMin)\n",
    "\n",
    "toolbox = base.Toolbox()\n",
    "\n",
    "# Función para crear un individuo\n",
    "def create_individual():\n",
    "    puntos = list(range(len(distance_km_array) - 1))  # Excluye el último cliente\n",
    "    random.shuffle(puntos)  # Mezcla los puntos\n",
    "    return [ultimo_cliente] + puntos + [ultimo_cliente]  # Ruta completa\n",
    "\n",
    "# Registrar funciones en DEAP\n",
    "toolbox.register(\"individual\", tools.initIterate, creator.Individual, create_individual)\n",
    "toolbox.register(\"population\", tools.initRepeat, list, toolbox.individual)\n",
    "\n",
    "# Función para evaluar la distancia total\n",
    "def evaluate(individual):\n",
    "    total_distance = 0\n",
    "    for i in range(len(individual) - 1):\n",
    "        city_a = individual[i]\n",
    "        city_b = individual[i + 1]\n",
    "        total_distance += distance_km_array[city_a][city_b]\n",
    "    return (total_distance,)\n",
    "\n",
    "toolbox.register(\"evaluate\", evaluate)\n",
    "\n",
    "# Función para cruzar dos individuos respetando extremos\n",
    "def crossover_individuals(ind1, ind2):\n",
    "    ruta1 = ind1[1:-1]  # Intermedios de ind1\n",
    "    ruta2 = ind2[1:-1]  # Intermedios de ind2\n",
    "\n",
    "    size = len(ruta1)\n",
    "    p1, p2 = sorted(random.sample(range(size), 2))  # Dos puntos de cruce\n",
    "\n",
    "    child1, child2 = ruta1[:], ruta2[:]\n",
    "\n",
    "    # Intercambiar segmentos\n",
    "    child1[p1:p2], child2[p1:p2] = ruta2[p1:p2], ruta1[p1:p2]\n",
    "\n",
    "    # Recombinar las rutas\n",
    "    return [ind1[0]] + child1 + [ind1[-1]], [ind2[0]] + child2 + [ind2[-1]]\n",
    "\n",
    "toolbox.register(\"mate\", crossover_individuals)\n",
    "\n",
    "# Función para mutar un individuo respetando extremos\n",
    "def mutate_individual(individual):\n",
    "    ruta_intermedia = individual[1:-1]  # Excluye el primer y último punto\n",
    "    random.shuffle(ruta_intermedia)  # Mezcla los puntos intermedios\n",
    "    return [individual[0]] + ruta_intermedia + [individual[-1]],  # Recompone la ruta\n",
    "\n",
    "toolbox.register(\"mutate\", mutate_individual)\n",
    "\n",
    "# Selección por torneo\n",
    "toolbox.register(\"select\", tools.selTournament, tournsize=3)\n",
    "\n",
    "# 3. Configuración del algoritmo genético\n",
    "def main():\n",
    "    random.seed(42)  # Para reproducibilidad\n",
    "    \n",
    "    # Crear población inicial\n",
    "    population = toolbox.population(n=100)\n",
    "    \n",
    "    # Parámetros del algoritmo\n",
    "    ngen = 200  # Número de generaciones\n",
    "    cxpb = 0.7  # Probabilidad de cruce\n",
    "    mutpb = 0.2  # Probabilidad de mutación\n",
    "    \n",
    "    # Estadísticas\n",
    "    stats = tools.Statistics(lambda ind: ind.fitness.values)\n",
    "    stats.register(\"min\", min)\n",
    "    stats.register(\"avg\", lambda x: sum(x) / len(x))\n",
    "    \n",
    "    # Algoritmo genético\n",
    "    for gen in range(ngen):\n",
    "        # Selección\n",
    "        offspring = toolbox.select(population, len(population))\n",
    "        offspring = list(map(toolbox.clone, offspring))\n",
    "        \n",
    "        # Cruzamiento\n",
    "        for child1, child2 in zip(offspring[::2], offspring[1::2]):\n",
    "            if random.random() < cxpb:\n",
    "                toolbox.mate(child1, child2)\n",
    "                del child1.fitness.values\n",
    "                del child2.fitness.values\n",
    "        \n",
    "        # Mutación\n",
    "        for mutant in offspring:\n",
    "            if random.random() < mutpb:\n",
    "                toolbox.mutate(mutant)\n",
    "                del mutant.fitness.values\n",
    "        \n",
    "        # Evaluar individuos sin fitness\n",
    "        invalid_ind = [ind for ind in offspring if not ind.fitness.valid]\n",
    "        fitnesses = map(toolbox.evaluate, invalid_ind)\n",
    "        for ind, fit in zip(invalid_ind, fitnesses):\n",
    "            ind.fitness.values = fit\n",
    "        \n",
    "        # Reemplazar la población\n",
    "        population[:] = offspring\n",
    "        \n",
    "        # Mostrar estadísticas\n",
    "        fits = [ind.fitness.values[0] for ind in population]\n",
    "        print(f\"Generación {gen + 1}: Min = {min(fits)}, Avg = {sum(fits) / len(fits)}\")\n",
    "    \n",
    "    # Mejor individuo encontrado\n",
    "    best_ind = tools.selBest(population, 1)[0]\n",
    "    print(\"\\nMejor ruta encontrada (índices):\", best_ind)\n",
    "    \n",
    "    print(\"Mejor ruta encontrada (clientes):\", [f\"Cliente_{i+1}\" for i in best_ind])\n",
    "    print(\"Distancia total:\", evaluate(best_ind)[0])\n",
    "\n",
    "if __name__ == \"__main__\":\n",
    "    main()"
   ]
  },
  {
   "cell_type": "code",
   "execution_count": 7,
   "metadata": {},
   "outputs": [
    {
     "data": {
      "text/html": [
       "<div>\n",
       "<style scoped>\n",
       "    .dataframe tbody tr th:only-of-type {\n",
       "        vertical-align: middle;\n",
       "    }\n",
       "\n",
       "    .dataframe tbody tr th {\n",
       "        vertical-align: top;\n",
       "    }\n",
       "\n",
       "    .dataframe thead th {\n",
       "        text-align: right;\n",
       "    }\n",
       "</style>\n",
       "<table border=\"1\" class=\"dataframe\">\n",
       "  <thead>\n",
       "    <tr style=\"text-align: right;\">\n",
       "      <th></th>\n",
       "      <th>vehiculo_id</th>\n",
       "      <th>capacidad_kg</th>\n",
       "      <th>costo_km</th>\n",
       "      <th>autonomia_km</th>\n",
       "    </tr>\n",
       "  </thead>\n",
       "  <tbody>\n",
       "    <tr>\n",
       "      <th>0</th>\n",
       "      <td>1</td>\n",
       "      <td>2026</td>\n",
       "      <td>0.20</td>\n",
       "      <td>603</td>\n",
       "    </tr>\n",
       "    <tr>\n",
       "      <th>1</th>\n",
       "      <td>2</td>\n",
       "      <td>4362</td>\n",
       "      <td>0.14</td>\n",
       "      <td>630</td>\n",
       "    </tr>\n",
       "    <tr>\n",
       "      <th>2</th>\n",
       "      <td>3</td>\n",
       "      <td>4881</td>\n",
       "      <td>0.20</td>\n",
       "      <td>664</td>\n",
       "    </tr>\n",
       "    <tr>\n",
       "      <th>3</th>\n",
       "      <td>4</td>\n",
       "      <td>3321</td>\n",
       "      <td>0.19</td>\n",
       "      <td>514</td>\n",
       "    </tr>\n",
       "    <tr>\n",
       "      <th>4</th>\n",
       "      <td>5</td>\n",
       "      <td>10000</td>\n",
       "      <td>0.32</td>\n",
       "      <td>350</td>\n",
       "    </tr>\n",
       "  </tbody>\n",
       "</table>\n",
       "</div>"
      ],
      "text/plain": [
       "   vehiculo_id  capacidad_kg  costo_km  autonomia_km\n",
       "0            1          2026      0.20           603\n",
       "1            2          4362      0.14           630\n",
       "2            3          4881      0.20           664\n",
       "3            4          3321      0.19           514\n",
       "4            5         10000      0.32           350"
      ]
     },
     "execution_count": 7,
     "metadata": {},
     "output_type": "execute_result"
    }
   ],
   "source": [
    "df_vehiculos = pd.read_excel(\"../dataset/df_vehicle.xlsx\")\n",
    "df_vehiculos.head()"
   ]
  },
  {
   "cell_type": "code",
   "execution_count": 9,
   "metadata": {},
   "outputs": [
    {
     "data": {
      "text/plain": [
       "array([[ 0.    ,  7.5625, 15.5365,  1.1998,  4.7145,  1.7407,  7.9408,\n",
       "        17.1947,  4.2933,  3.2659,  2.1866,  6.0225,  5.447 ,  2.2133,\n",
       "        11.1505,  1.5775, 10.8288,  9.1456, 20.4871, 22.1445,  3.6114],\n",
       "       [ 7.5625,  0.    ,  3.3838,  7.7433, 14.572 ,  8.5237,  0.4847,\n",
       "        13.7974, 10.1522,  7.1521, 14.8113, 10.1049,  2.6961, 13.4907,\n",
       "        18.0835,  7.0275, 19.8218,  8.2737,  9.6369, 19.1038, 10.7361],\n",
       "       [15.5365,  3.3838,  0.    , 12.5438,  0.    ,  0.    ,  0.    ,\n",
       "        16.0355, 13.912 , 13.0649, 17.0494, 12.343 ,  5.0114, 15.7289,\n",
       "        17.9217,  9.6824, 22.0599, 10.5118,  7.7574, 16.5997, 13.9021],\n",
       "       [ 1.1998,  7.7433, 12.5438,  0.    ,  5.0721,  0.9119,  7.5798,\n",
       "        17.4095,  3.5781,  3.3451,  2.8532,  6.233 ,  4.7117,  2.8799,\n",
       "        11.361 ,  1.3127, 11.1926,  9.3561, 20.7019, 21.1518,  3.3673],\n",
       "       [ 4.7145, 14.572 ,  0.    ,  5.0721,  0.    ,  4.8187,  0.    ,\n",
       "         0.    ,  0.    ,  7.217 ,  2.6253,  6.8738,  9.1064,  3.6476,\n",
       "        12.0019,  5.4347,  5.2872,  9.9969, 21.3384, 25.5947,  4.5417],\n",
       "       [ 1.7407,  8.5237,  0.    ,  0.9119,  4.8187,  0.    ,  7.8866,\n",
       "        20.0472,  2.906 ,  4.0899,  2.889 ,  8.875 ,  5.0185,  3.2185,\n",
       "        14.003 ,  2.0575, 11.4008, 11.9981, 19.7467, 20.4797,  2.6952],\n",
       "       [ 7.9408,  0.4847,  0.    ,  7.5798,  0.    ,  7.8866,  0.    ,\n",
       "        13.9893, 10.1499,  7.344 , 15.0032, 10.2968,  0.    ,  0.    ,\n",
       "         0.    ,  7.2194, 20.0138,  8.4656,  9.8289, 17.1722, 10.928 ],\n",
       "       [17.1947, 13.7974, 16.0355, 17.4095,  0.    , 20.0472, 13.9893,\n",
       "         0.    , 19.6963, 12.9161, 16.1829, 12.3127, 13.5906, 14.8623,\n",
       "         5.9742, 14.6038, 22.6587,  8.9984, 15.5515, 34.1368, 20.8703],\n",
       "       [ 4.2933, 10.1522, 13.912 ,  3.5781,  0.    ,  2.906 , 10.1499,\n",
       "        19.6963,  0.    ,  6.8679,  3.5313, 10.1024,  7.7229,  4.5536,\n",
       "        15.2304,  4.8355,  9.7565, 13.2255, 24.567 , 22.9781,  1.0494],\n",
       "       [ 3.2659,  7.1521, 13.0649,  3.3451,  7.217 ,  4.0899,  7.344 ,\n",
       "        12.9161,  6.8679,  0.    ,  4.7283,  2.3061,  4.9896,  0.    ,\n",
       "         8.2196,  0.    , 10.8948,  5.305 , 17.5604, 21.1407,  5.9516],\n",
       "       [ 2.1866, 14.8113, 17.0494,  2.8532,  2.6253,  2.889 , 15.0032,\n",
       "        16.1829,  3.5313,  4.7283,  0.    ,  6.5845,  8.2105,  1.6099,\n",
       "        11.7126,  3.397 ,  7.7031,  9.7077, 21.0492, 22.484 ,  2.912 ],\n",
       "       [ 6.0225, 10.1049, 12.343 ,  6.233 ,  6.8738,  8.875 , 10.2968,\n",
       "        12.3127, 10.1024,  2.3061,  6.5845,  0.    ,  6.4451,  5.9051,\n",
       "         5.6418,  4.2199, 12.2362,  5.1248, 16.4706, 22.5962, 10.2374],\n",
